GameParameters:
  BlastParam:
    $type: spl__BulletBlastParam
    CrossPaintCheckLength: 1.399999976158142
    CrossPaintRadius: 1.399999976158142
    DamageAttackerPriority: false
    DamageLinear: false
    DistanceDamage:
      - Damage: 350
        Distance: 2.799999952316284
      - Damage: 250
        Distance: 4
    KnockBackParam:
      Accel: 470
      Bias: 0.800000011920929
      Distance: 8
    PaintOffsetY: -0.05000000074505806
    PaintRadius: 4
    SplashAroundParam:
      Num: 10
      OffsetY: 0.30000001192092896
      PaintRadius: 0.699999988079071
      PitchMax: 30
      PitchMin: 5
      VelocityMax: 0.3499999940395355
      VelocityMin: 0.5199999809265137
  MoveParam:
    $type: spl__BulletBombQuickParam
    GuideHitCollisionType: EnemyOnFenceOn
    SpawnRotatePitch: 0.4000000059604645
    SpawnSpeedY: 0.23999999463558197
    SpawnSpeedYWorldMin: -0.4000000059604645
    SpawnSpeedZSpecUp:
      High: 1.6799999475479126
      Low: 1.1200000047683716
      Mid: 1.399999976158142
  SubWeaponSetting:
    $type: spl__PlayerGearSkillParam_SubWeaponSetting
    SubInkSaveLv: 4
  WeaponParam:
    $type: spl__WeaponSubParam
    InkConsume: 0.44999998807907104
    InkRecoverStop: 60
  spl__SpawnBulletAdditionMovePlayerParam:
    $type: spl__SpawnBulletAdditionMovePlayerParam
    XRate: 1.600000023841858
    YMax: 0.3199999928474426
    YPlusRate: 4
