GameParameters:
  BulletBombMoveParam:
    $type: spl__BulletBombMoveParam
    FlyGravity: 0
    FlyPositionAirResist: 0
    GuideHitCollisionType: SuperHook
    SpawnSpeedZSpecUp:
      High: 3.359999895095825
      Low: 3.359999895095825
      Mid: 3.359999895095825
  BulletParam:
    $type: spl__BulletSpSuperHookParam
    CollisionRadiusForField: 1.600000023841858
    CollisionRadiusForPlayer: 1.2000000476837158
    KnockBackParam:
      Accel: 450
      Bias: 0
      Degree: 55
      DirectionZeroAccelRate: 1
      Distance: 10
    PaintDepthScale: 1.5
    PaintSpanFrame: 2
    PaintWidthHalf: 1
  HookBlastParam:
    $type: spl__BulletBlastParam
    CrossPaintCheckLength: 1.399999976158142
    CrossPaintRadius: 1.399999976158142
    DistanceDamage:
      - Damage: 450
        Distance: 5.25
      - Damage: 350
        Distance: 6
    KnockBackParam:
      Accel: 470
      Bias: 0.800000011920929
      Distance: 8
  HookCollisionParam:
    $type: spl__BulletSimpleCollisionParam
    EndRadiusForField: 0.5
    EndRadiusForPlayer: 0.009999999776482582
    InitRadiusForField: 0.5
    InitRadiusForPlayer: 0.009999999776482582
  WeaponParam:
    $type: spl__WeaponSpSuperHookParam
    InkCapacityRt: 1.5
    InkConsume_Hook:
      High: 0.02250000089406967
      Low: 0.05999999865889549
      Mid: 0.03750000149011612
    InkConsume_PerSec:
      High: 0.11999999731779099
      Low: 0.15000000596046448
      Mid: 0.13050000369548798
    MaxLengthHook: 35
    MinLengthHook_Floor: 3
    MinLengthHook_Wall: 0
    MoveAccAttack: 0.10000000149011612
    MoveSpeedAttack_Init: 0.05999999865889549
    ShotFailedIntervalFrm: 20
    SpecialTotalFrame: 540
    WaitFrameShot2Attack: 12
