GameParameters:
  BlastParam:
    $type: spl__BulletBlastParam
    DamageOffsetY: 0.25
    DistanceDamage:
      - Damage: 4000
        Distance: 4
      - Damage: 3000
        Distance: 8
      - Damage: 1000
        Distance: 10
    KnockBackParam:
      Accel: 700
      Bias: 0.800000011920929
      Distance: 3
    PaintRadius: 4
    SplashAroundParam:
      Num: 15
      PitchMax: 45
      VelocityMax: 0.6399999856948853
  MoveParam:
    $type: spl__BulletCannonMissileMoveParam
    Accel: 0.029999999329447746
    Gravity: 0.0012499999720603228
    SpawnSpeed: 1
