GameParameters:
  CollisionParam:
    $type: spl__BulletSimpleCollisionParam
    EndRadiusForField: 0.019999999552965164
    EndRadiusForPlayer: 0.125
    InitRadiusForField: 0.019999999552965164
    InitRadiusForPlayer: 0.125
  DamageParam:
    $type: spl__BulletChargerDamageParam
    ValueFullCharge: 1600
    ValueMaxCharge: 800
    ValueMinCharge: 400
  MainEffectiveRangeUpParam:
    $type: spl__PlayerGearSkillParam_MainEffectiveRangeUp
  MainWeaponSetting:
    $type: spl__PlayerGearSkillParam_MainWeaponSetting
  MoveParam:
    $type: spl__BulletChargerMoveParam
    DistanceFullCharge: 26.03700065612793
    DistanceMaxCharge: 24.03700065612793
    DistanceMinCharge: 9.032999992370605
    SpawnSpeedFullCharge: 4.800000190734863
    SpawnSpeedMaxCharge: 4.800000190734863
    SpawnSpeedMinCharge: 2.4000000953674316
  PaintParam:
    $type: spl__BulletChargerPaintParam
    RadiusFullCharge: 3.0850000381469727
    RadiusMaxCharge: 2.7190001010894775
    RadiusMinCharge: 0.906000018119812
  SplashPaintParam:
    $type: spl__BulletSplashChargerPaintParam
    DepthHalfFullCharge: 1.4824999570846558
    DepthHalfMaxCharge: 1.559999942779541
    DepthHalfMinCharge: 2.7300000190734863
    RadiusSpawnNearest: 1.2000000476837158
    WidthHalfFullCharge: 1.4824999570846558
    WidthHalfMaxCharge: 1.559999942779541
    WidthHalfMinCharge: 0.7799999713897705
  SplashSpawnParam:
    $type: spl__BulletSplashChargerSpawnParam
    OnTopRateFullCharge: 0.3400000035762787
    OnTopRateMaxCharge: 0.25
    OnTopRateMinCharge: 0.125
  SplashWallHitParam:
    $type: spl__BulletChargerSplashWallHitParam
    WallDropCollisionPaintParam:
      PaintRadiusFall: 0.675000011920929
      PaintRadiusFallMaxCharge: 0.675000011920929
      PaintRadiusFallMinCharge: 0.44999998807907104
      PaintRadiusGround: 0.4000000059604645
      PaintRadiusShock: 0.8999999761581421
      PaintRadiusShockMaxCharge: 0.8999999761581421
      PaintRadiusShockMinCharge: 0.6000000238418579
    WallDropMoveParam:
      FallPeriodFirstFrameMax: 30
      FallPeriodFirstFrameMin: 15
      FallPeriodFirstTargetSpeed: 0.03999999910593033
      FallPeriodLastFrameMax: 30
      FallPeriodLastFrameMin: 15
      FallPeriodSecondTargetSpeed: 0.05000000074505806
  WallDropCollisionPaintParam:
    $type: spl__BulletChargerWallDropCollisionPaintParam
    PaintRadiusFall: 1.2000000476837158
    PaintRadiusFallMaxCharge: 1.2000000476837158
    PaintRadiusFallMinCharge: 0.800000011920929
    PaintRadiusShock: 1.7999999523162842
    PaintRadiusShockMaxCharge: 1.7999999523162842
    PaintRadiusShockMinCharge: 1.2000000476837158
  WallDropMoveParam:
    $type: spl__BulletWallDropMoveParam
    FallPeriodFirstFrameMin: 15
    FallPeriodFirstTargetSpeed: 0.03999999910593033
    FallPeriodLastFrameMax: 30
    FallPeriodSecondTargetSpeed: 0.05000000074505806
  WeaponParam:
    $type: spl__WeaponChargerParam
    FreezeFrameFullCharge: 1
    FreezeFrameMinCharge: 1
    InkConsumeFullCharge: 0.18000000715255737
    InkConsumeMinCharge: 0.02250000089406967
    JumpHeightFullCharge: 0.07000000029802322
    MoveJumpDownBias: 0.5
    MoveSpeedFullCharge: 0.019999999552965164
  WeaponScopeParam:
    $type: spl__WeaponScopeParam
