GameParameters:
  BlastParamChase:
    $type: spl__BulletBombTorpedoChaseBlastParam
    DistanceDamage:
      - Damage: 600
        Distance: 2.5999999046325684
      - Damage: 350
        Distance: 6
    KnockBackParam:
      Accel: 230
      Bias: 0.800000011920929
      Distance: 12
    PaintRadius: 3.5
    SplashAroundParam:
      Num: 8
      PaintRadius: 0
      PitchMax: 65
      PitchMin: 65
      VelocityMax: 0.47999998927116394
      VelocityMin: 0.41999998688697815
    SplashBlastParam:
      CrossPaintCheckLength: 1
      CrossPaintRadius: 1
      DistanceDamage:
        - Damage: 120
          Distance: 2.5999999046325684
      KnockBackParam:
        Accel: 0
      PaintRadius: 2
  BlastParamThrow:
    $type: spl__BulletBlastParam
    DistanceDamage:
      - Damage: 600
        Distance: 2.5999999046325684
      - Damage: 350
        Distance: 6
    KnockBackParam:
      Accel: 700
      Bias: 0.800000011920929
      Distance: 12
    PaintOffsetY: 0.10000000149011612
    PaintRadius: 3.5
    SplashAroundParam:
      Num: 0
      PaintRadius: 0.6000000238418579
      PitchMax: 45
      VelocityMax: 0.3499999940395355
      VelocityMin: 0.30000001192092896
  MoveParam:
    $type: spl__BulletBombTorpedoParam
    BetweenRotEndAndStartChaseFrame: 20
    BurstFrame: 30
    CollisionSESpanFrame: 8
    CollisionSEVelDotGroundNrm: -1
    FindCollisionStartRadiusRate: 0.5555499792098999
    FindSpawnSplashAroundParam:
      Num: 6
      PaintRadius: 0.699999988079071
      PitchMax: 45
      PitchMin: 30
      VelocityMax: 0.23000000417232513
      VelocityMin: 0.15000000596046448
    FlyRotateAirResist: 0.017999999225139618
    GroundPositionDeg50AirResist: 0.30000001192092896
    GroundPositionHorizonAirResist: 0.30000001192092896
    GroundRotateDeg50AirResist: 0.5
    GroundRotateHorizonAirResist: 0.3499999940395355
    GuideHitCollisionType: EnemyOffFenceOn
    GuideRadius: 0.574999988079071
    HitVerticalWallReboundMaxRate: 0.699999988079071
    SpawnRotateRoll: 0.20000000298023224
    SpawnSpeedY: 0.23999999463558197
    SpawnSpeedYWorldMin: -0.4000000059604645
    SpawnSpeedZSpecUp:
      High: 1.899999976158142
      Low: 1.399999976158142
      Mid: 1.649999976158142
    WarningSERestFrame: 30
  SplashNearest:
    $type: spl__BulletSplashBombTorpedoNearestParam
  SubWeaponSetting:
    $type: spl__PlayerGearSkillParam_SubWeaponSetting
  WeaponParam:
    $type: spl__WeaponSubParam
    InkConsume: 0.6499999761581421
    InkRecoverStop: 88
  spl__SpawnBulletAdditionMovePlayerParam:
    $type: spl__SpawnBulletAdditionMovePlayerParam
    XRate: 1.600000023841858
    YMax: 0.3199999928474426
    YPlusRate: 4
