GameParameters:
  BlastParam:
    $type: spl__BulletBlastParam
    DistanceDamage:
      - Damage: 1800
        Distance: 3.5999999046325684
      - Damage: 300
        Distance: 7
    KnockBackParam:
      Accel: 700
      Bias: 0.800000011920929
      Distance: 12
    PaintOffsetY: 0.10000000149011612
    SplashAroundParam:
      Num: 15
      OffsetY: 0.30000001192092896
      PaintRadius: 1.0640000104904175
      PitchMax: 45
  MoveParam:
    $type: spl__BulletBombSplashParam
    BurstFrame: 60
    CollisionSESpanFrame: 8
    CollisionSEVelDotGroundNrm: -1
    ContactDashPanel:
      AddSpeedPerImpact: 0.15832999348640442
      CrossSaveSpeedRate: 0.8999999761581421
    ContactJumpPanel:
      AddSpeedOneBoundRate: 0.699999988079071
      AddSpeedPerImpact: 0.08332999795675278
    FlyGravity: 0.01600000075995922
    FlyRotateAirResist: 0.017999999225139618
    GroundGravity: 0.01600000075995922
    GroundPositionDeg50AirResist: 0.2800000011920929
    GroundPositionHorizonAirResist: 0.1899999976158142
    GroundRotateDeg50AirResist: 0.5
    GroundRotateHorizonAirResist: 0.3499999940395355
    GuideRadius: 0.574999988079071
    HitVerticalWallReboundMaxRate: 0.699999988079071
    SpawnRotatePitch: 0.4000000059604645
    SpawnRotateRoll: 0.029999999329447746
    SpawnSpeedY: 0.23999999463558197
    SpawnSpeedYWorldMin: -0.4000000059604645
    SpawnSpeedZSpecUp:
      High: 1.6799999475479126
      Low: 1.1200000047683716
      Mid: 1.399999976158142
  SubWeaponSetting:
    $type: spl__PlayerGearSkillParam_SubWeaponSetting
  WeaponParam:
    $type: spl__WeaponSubParam
    InkRecoverStop: 60
  spl__SpawnBulletAdditionMovePlayerParam:
    $type: spl__SpawnBulletAdditionMovePlayerParam
    XRate: 1.600000023841858
    YMax: 0.3199999928474426
    YPlusRate: 4
