GameParameters:
  IceParam:
    $type: spl__BulletSpFireworkIceParam
    BlastParam:
      CrossPaintCheckLength: 2.5
      CrossPaintRadius: 2.5
      DamageOffsetY: 0.10000000149011612
      DistanceDamage:
        - Damage: 700
          Distance: 3.5999999046325684
        - Damage: 350
          Distance: 6
      KnockBackParam:
        Accel: 700
        Bias: 0.800000011920929
        Distance: 12
      PaintHeight: 4
      PaintOffsetY: 0.10000000149011612
      PaintRadius: 3.5
      SplashAroundParam:
        PaintRadius: 1.1160000562667847
        PitchMax: 45
        VelocityMax: 0.6399999856948853
      SubSpecialSpecUpList:
        - Value:
            High: 4.099999904632568
            Low: 3.5
            Mid: 3.799999952316284
        - SpecUpType: CrossPaintCheckLength
          Value:
            High: 3
            Low: 2.5
            Mid: 2.75
        - SpecUpType: CrossPaintRadius
          Value:
            High: 3
            Low: 2.5
            Mid: 2.75
        - SpecUpType: DistanceDamageDistanceRate
          Value:
            High: 1.2000000476837158
            Low: 1
            Mid: 1.100000023841858
    BurstFrame: 210
    CollisionRadius: 0.800000011920929
    FlyingFrame: 108
    GroundOffsetY: 0.8999999761581421
    HitPoint: 600
    InitialScale: 0.10000000149011612
    PaintRadius: 2.799999952316284
    RotateDegRatePerFrame: 0.9940000176429749
    ScaleResetFrame: 5
    SpawnRotateDegMax: 4.5
    SpawnRotateDegMin: 3
    WarningAnimRestFrame: 140
    WarningSERestFrame: 60
  PipeParam:
    $type: spl__BulletSpFireworkPipeParam
    DepthRadius: 10
    MinBetweenDistance: 5
    TargetCenterBias: 0.30000001192092896
  WeaponParam:
    $type: spl__WeaponSpFireworkParam
    SpecialTotalFrame: 635
    TargetCenterBias: 0.4000000059604645
    TargetCenterDistanceMax: 35
    TargetCenterDistanceMin: 18
    TargetCenterRadius: 3
    TargetHeightCheckSpanFrame: 1
    UseDistanceMinCameraDownRate: 0.25
    UseDistanceMinCameraUpRate: 0.30000001192092896
