GameParameters:
  BlastParam:
    $type: spl__BulletBlastParam
    CrossPaintCheckLength: 0
    CrossPaintRadius: 0
    DistanceDamage:
      - Damage: 500
        Distance: 2.549999952316284
      - Damage: 300
        Distance: 5
    KnockBackParam:
      Accel: 470
      Bias: 0.6000000238418579
      Distance: 8
    PaintRadius: 3.200000047683716
    SplashAroundParam:
      Num: 10
      OffsetY: 0.30000001192092896
      PaintRadius: 0.6299999952316284
      PitchMax: 30
      PitchMin: 5
      VelocityMax: 0.33000001311302185
      VelocityMin: 0.49000000953674316
    SubSpecialSpecUpList:
      - Value:
          High: 4
          Low: 3.200000047683716
          Mid: 3.5999999046325684
      - SpecUpType: DistanceDamageDistanceRate
        Value:
          High: 1.2999999523162842
          Low: 1
          Mid: 1.149999976158142
      - SpecUpType: SplashAroundVelocityMin
        Value:
          High: 0.5199999809265137
          Low: 0.49000000953674316
          Mid: 0.5049999952316284
      - SpecUpType: SplashAroundVelocityMax
        Value:
          High: 0.3499999940395355
          Low: 0.33000001311302185
          Mid: 0.3400000035762787
      - SpecUpType: SplashAroundPaintRadius
        Value:
          High: 0.699999988079071
          Low: 0.6299999952316284
          Mid: 0.6650000214576721
  JetParam:
    $type: spl__BulletSpJetpackJetParam
  LauncherCollisionParam:
    $type: spl__BulletSimpleCollisionParam
    ChangeFrameForField: 0
    ChangeFrameForPlayer: 0
    EndRadiusForField: 0.30000001192092896
    EndRadiusForPlayer: 0.30000001192092896
    FriendThroughFrameForPlayer: 1000
    InitRadiusForField: 0.30000001192092896
    InitRadiusForPlayer: 0.30000001192092896
  MoveParam:
    $type: spl__BulletSpJetpackLauncherParam
    Distance: 30
  WeaponParam:
    $type: spl__WeaponSpJetpackParam
    Boost_JumpVel: 0.30000001192092896
    SpecialTotalFrame:
      High: 510
      Low: 450
      Mid: 480
  spl__SpawnBulletAdditionMovePlayerParam:
    $type: spl__SpawnBulletAdditionMovePlayerParam
    XRate: 0
    YMax: 100
    YMinusRate: 0
    YPlusRate: 0
    ZRate: 0
