GameParameters:
  CollisionParam:
    $type: spl__BulletSimpleCollisionParam
    EndRadiusForField: 0.019999999552965164
    EndRadiusForPlayer: 0.13750000298023224
    InitRadiusForField: 0.019999999552965164
    InitRadiusForPlayer: 0.13750000298023224
  DamageParam:
    $type: spl__BulletChargerDamageParam
    ValueFullCharge: 1400
    ValueMaxCharge: 800
    ValueMinCharge: 400
  MainEffectiveRangeUpParam:
    $type: spl__PlayerGearSkillParam_MainEffectiveRangeUp
  MainWeaponSetting:
    $type: spl__PlayerGearSkillParam_MainWeaponSetting
  MoveParam:
    $type: spl__BulletChargerMoveParam
    DistanceFullCharge: 16.764999389648438
    DistanceMaxCharge: 16.764999389648438
    DistanceMinCharge: 9.26099967956543
    SpawnSpeedFullCharge: 3.5999999046325684
    SpawnSpeedMaxCharge: 3.5999999046325684
    SpawnSpeedMinCharge: 2.4000000953674316
  PaintParam:
    $type: spl__BulletChargerPaintParam
    RadiusFullCharge: 3.8450000286102295
    RadiusMaxCharge: 3.2039999961853027
    RadiusMinCharge: 1.0679999589920044
  SplashPaintParam:
    $type: spl__BulletSplashChargerPaintParam
    DepthHalfFullCharge: 1.850000023841858
    DepthHalfMaxCharge: 1.850000023841858
    DepthHalfMinCharge: 3.237499952316284
    LastSplashRateFullCharge: 1.5
    LastSplashRateMaxCharge: 1.5
    LastSplashRateMinCharge: 1.5
    RadiusSpawnNearest: 1.2000000476837158
    WidthHalfFullCharge: 1.850000023841858
    WidthHalfMaxCharge: 1.850000023841858
    WidthHalfMinCharge: 0.925000011920929
  SplashSpawnParam:
    $type: spl__BulletSplashChargerSpawnParam
    OnTopRateFullCharge: 0.25
    OnTopRateMaxCharge: 0.22499999403953552
    OnTopRateMinCharge: 0.125
    SkipNum: 1
    SpawnNearestMaxOffsetXZ: 2.200000047683716
  SplashWallHitParam:
    $type: spl__BulletChargerSplashWallHitParam
    SpawnParam:
      SpawnMaxChargeFrame: 36
    WallDropCollisionPaintParam:
      PaintRadiusFall: 0.675000011920929
      PaintRadiusFallMaxCharge: 0.675000011920929
      PaintRadiusFallMinCharge: 0.44999998807907104
      PaintRadiusGround: 0.4000000059604645
      PaintRadiusShock: 0.8999999761581421
      PaintRadiusShockMaxCharge: 0.8999999761581421
      PaintRadiusShockMinCharge: 0.6000000238418579
    WallDropMoveParam:
      FallPeriodFirstFrameMax: 30
      FallPeriodFirstFrameMin: 15
      FallPeriodFirstTargetSpeed: 0.03999999910593033
      FallPeriodLastFrameMax: 30
      FallPeriodLastFrameMin: 15
      FallPeriodSecondTargetSpeed: 0.05000000074505806
  WallDropCollisionPaintParam:
    $type: spl__BulletChargerWallDropCollisionPaintParam
    PaintRadiusFall: 1.2000000476837158
    PaintRadiusFallMaxCharge: 1.2000000476837158
    PaintRadiusFallMinCharge: 0.800000011920929
    PaintRadiusShock: 1.7999999523162842
    PaintRadiusShockMaxCharge: 1.7999999523162842
    PaintRadiusShockMinCharge: 1.2000000476837158
  WallDropMoveParam:
    $type: spl__BulletWallDropMoveParam
    FallPeriodFirstFrameMin: 15
    FallPeriodFirstTargetSpeed: 0.03999999910593033
    FallPeriodLastFrameMax: 30
    FallPeriodSecondTargetSpeed: 0.05000000074505806
  WeaponKeepChargeParam:
    $type: spl__WeaponKeepChargeParam
    KeepChargeFullFrame: 75
    KeepChargePreDelayFrame: 19
    KeepChargePreDelayFrame_Pre: 14
    MuzzleLocalPos:
      X: -0.3140000104904175
      "Y": 0.20550000667572021
      Z: 1.7999999523162842
  WeaponParam:
    $type: spl__WeaponChargerParam
    AirChargeRateByInkEmpty: 4
    ChargeFrameFullCharge: 45
    ChargeFrameMinCharge: 8
    FreezeFrameFullCharge: 1
    FreezeFrameMinCharge: 1
    InkConsumeFullCharge: 0.10499999672174454
    InkConsumeMinCharge: 0.01866699941456318
    InkEmptyChargeTimes: 4
    JumpHeightFullCharge: 0.07000000029802322
    MoveJumpDownBias: 0.5
    MoveJumpDownStartChargeRate: 0.20000000298023224
    MoveSpeedFullCharge: 0.029999999329447746
