GameParameters:
  CollisionParam:
    $type: spl__BulletSimpleCollisionParam
    EndRadiusForField: 0.019999999552965164
    EndRadiusForPlayer: 0.20000000298023224
    InitRadiusForField: 0.019999999552965164
    InitRadiusForPlayer: 0.20000000298023224
  DamageParam:
    $type: spl__BulletChargerDamageParam
    ValueFullCharge: 2000
    ValueMaxCharge: 2000
    ValueMinCharge: 2000
  MainEffectiveRangeUpParam:
    $type: spl__PlayerGearSkillParam_MainEffectiveRangeUp
  MainWeaponSetting:
    $type: spl__PlayerGearSkillParam_MainWeaponSetting
    WeaponSpeedType: Mid
  MoveParam:
    $type: spl__BulletChargerMoveParam
    DistanceFullCharge: 29.049999237060547
    DistanceMaxCharge: 29.049999237060547
    DistanceMinCharge: 29.049999237060547
    SpawnSpeedFullCharge: 4
    SpawnSpeedMaxCharge: 4
    SpawnSpeedMinCharge: 4
    ThroughFullCharge: true
  PaintParam:
    $type: spl__BulletChargerPaintParam
    RadiusFullCharge: 3.9000000953674316
    RadiusMaxCharge: 3.9000000953674316
    RadiusMinCharge: 3.9000000953674316
  SplashPaintParam:
    $type: spl__BulletSplashChargerPaintParam
    DepthHalfFullCharge: 3.7799999713897705
    DepthHalfMaxCharge: 3.7799999713897705
    DepthHalfMinCharge: 3.7799999713897705
    LastSplashRateFullCharge: 1.2999999523162842
    LastSplashRateMaxCharge: 1.2999999523162842
    LastSplashRateMinCharge: 1.2999999523162842
    RadiusSpawnNearest: 1.2000000476837158
    WidthHalfFullCharge: 2.0999999046325684
    WidthHalfMaxCharge: 2.0999999046325684
    WidthHalfMinCharge: 2.0999999046325684
  SplashSpawnParam:
    $type: spl__BulletSplashChargerSpawnParam
    OnTopRateFullCharge: 0.20000000298023224
    OnTopRateMaxCharge: 0.20000000298023224
    OnTopRateMinCharge: 0.20000000298023224
    SpawnNearestChargeRate: 1.0099999904632568
  SplashWallHitParam:
    $type: spl__BulletChargerSplashWallHitParam
    SpawnParam:
      NumMax: 4
      NumMinCharge: 4
      SpawnMaxChargeFrame: 4
    WallDropCollisionPaintParam:
      PaintRadiusFall: 0.6499999761581421
      PaintRadiusFallMaxCharge: 0.6499999761581421
      PaintRadiusFallMinCharge: 0.44999998807907104
      PaintRadiusGround: 0.4000000059604645
      PaintRadiusShock: 0.8999999761581421
      PaintRadiusShockMaxCharge: 0.8999999761581421
      PaintRadiusShockMinCharge: 0.6000000238418579
    WallDropMoveParam:
      FallPeriodFirstFrameMax: 30
      FallPeriodFirstFrameMin: 15
      FallPeriodFirstTargetSpeed: 0.03999999910593033
      FallPeriodLastFrameMax: 30
      FallPeriodLastFrameMin: 15
      FallPeriodSecondTargetSpeed: 0.05000000074505806
  WallDropCollisionPaintParam:
    $type: spl__BulletChargerWallDropCollisionPaintParam
    PaintRadiusFall: 1.2000000476837158
    PaintRadiusFallMaxCharge: 1.2000000476837158
    PaintRadiusFallMinCharge: 0.800000011920929
    PaintRadiusGround: 0.6000000238418579
    PaintRadiusShock: 1.7999999523162842
    PaintRadiusShockMaxCharge: 1.7999999523162842
    PaintRadiusShockMinCharge: 1.2000000476837158
  WallDropMoveParam:
    $type: spl__BulletWallDropMoveParam
    FallPeriodFirstFrameMin: 15
    FallPeriodFirstTargetSpeed: 0.03999999910593033
    FallPeriodLastFrameMax: 30
    FallPeriodSecondTargetSpeed: 0.05000000074505806
  WeaponParam:
    $type: spl__WeaponChargerParam
    AirChargeRateByInkEmpty: 20
    ChargeFrameFullCharge: 4
    ChargeFrameMinCharge: 4
    FreezeFrameFullCharge: 1
    FreezeFrameMinCharge: 1
    InkConsumeFullCharge: 0.12999999523162842
    InkConsumeMinCharge: 0.12999999523162842
    InkEmptyChargeTimes: 20
    JumpHeightFullCharge: 0.07000000029802322
    MoveJumpDownBias: 0.5
    MoveSpeedFullCharge: 0.07199999690055847
