GameParameters:
  CollisionParam:
    $type: spl__BulletSimpleCollisionParam
    EndRadiusForField: 0.019999999552965164
    EndRadiusForPlayer: 0.13750000298023224
    InitRadiusForField: 0.019999999552965164
    InitRadiusForPlayer: 0.13750000298023224
  DamageParam:
    $type: spl__BulletChargerDamageParam
    ValueFullCharge: 1800
    ValueMaxCharge: 1300
    ValueMinCharge: 400
  MainEffectiveRangeUpParam:
    $type: spl__PlayerGearSkillParam_MainEffectiveRangeUp
  MainWeaponSetting:
    $type: spl__PlayerGearSkillParam_MainWeaponSetting
  MoveParam:
    $type: spl__BulletChargerMoveParam
    DistanceFullCharge: 19.804000854492188
    DistanceMaxCharge: 18.804000854492188
    DistanceMinCharge: 12.60200023651123
    SpawnSpeedFullCharge: 4.800000190734863
    SpawnSpeedMaxCharge: 4.800000190734863
    SpawnSpeedMinCharge: 2.4000000953674316
  PaintParam:
    $type: spl__BulletChargerPaintParam
    RadiusFullCharge: 3.9489998817443848
    RadiusMaxCharge: 2.796999931335449
    RadiusMinCharge: 1.097000002861023
  SplashPaintParam:
    $type: spl__BulletSplashChargerPaintParam
    DepthHalfFullCharge: 1.899999976158142
    DepthHalfMaxCharge: 1.6150000095367432
    DepthHalfMinCharge: 3.0399999618530273
    LastSplashRateFullCharge: 1.5
    LastSplashRateMinCharge: 1.5
    RadiusSpawnNearest: 1.2000000476837158
    WidthHalfFullCharge: 1.899999976158142
    WidthHalfMaxCharge: 1.6150000095367432
    WidthHalfMinCharge: 0.949999988079071
  SplashSpawnParam:
    $type: spl__BulletSplashChargerSpawnParam
    OnTopRateFullCharge: 0.30000001192092896
    OnTopRateMaxCharge: 0.25
    OnTopRateMinCharge: 0.17499999701976776
    SkipNum: 1
    SpawnNearestMaxOffsetXZ: 2.299999952316284
  SplashWallHitParam:
    $type: spl__BulletChargerSplashWallHitParam
    WallDropCollisionPaintParam:
      PaintRadiusFall: 0.675000011920929
      PaintRadiusFallMaxCharge: 0.675000011920929
      PaintRadiusFallMinCharge: 0.44999998807907104
      PaintRadiusGround: 0.4000000059604645
      PaintRadiusShock: 0.8999999761581421
      PaintRadiusShockMaxCharge: 0.8999999761581421
      PaintRadiusShockMinCharge: 0.6000000238418579
    WallDropMoveParam:
      FallPeriodFirstFrameMax: 30
      FallPeriodFirstFrameMin: 15
      FallPeriodFirstTargetSpeed: 0.03999999910593033
      FallPeriodLastFrameMax: 30
      FallPeriodLastFrameMin: 15
      FallPeriodSecondTargetSpeed: 0.05000000074505806
  WallDropCollisionPaintParam:
    $type: spl__BulletChargerWallDropCollisionPaintParam
    PaintRadiusFall: 1.2000000476837158
    PaintRadiusFallMaxCharge: 1.2000000476837158
    PaintRadiusFallMinCharge: 0.800000011920929
    PaintRadiusShock: 1.7999999523162842
    PaintRadiusShockMaxCharge: 1.7999999523162842
    PaintRadiusShockMinCharge: 1.2000000476837158
  WallDropMoveParam:
    $type: spl__BulletWallDropMoveParam
    FallPeriodFirstFrameMin: 15
    FallPeriodFirstTargetSpeed: 0.03999999910593033
    FallPeriodLastFrameMax: 30
    FallPeriodSecondTargetSpeed: 0.05000000074505806
  WeaponKeepChargeParam:
    $type: spl__WeaponKeepChargeParam
    EnableKeepChargeAnytime: true
    EnableKeepChargeTransCancel: true
    KeepChargeFullFrame: 300
    KeepChargePreDelayFrame: 15
    KeepChargePreDelayFrame_Pre: 10
    MuzzleLocalPos:
      X: -0.3140000104904175
      "Y": 0.14300000667572021
      Z: 1.4600000381469727
  WeaponParam:
    $type: spl__WeaponChargerParam
    ChargeFrameFullCharge: 71
    ChargeFrameMidCharge: 50
    FreezeFrameFullCharge: 1
    FreezeFrameMinCharge: 1
    InkConsumeFullCharge: 0.15000000596046448
    InkConsumeMinCharge: 0.019999999552965164
    JumpHeightFullCharge: 0.07000000029802322
    MoveJumpDownBias: 0.5
    MoveSpeedFullCharge: 0.029999999329447746
