GameParameters:
  MoveParam:
    $type: spl__BulletBombFizzyParam
    BlastParamArray:
      - CrossPaintRadius: 2
        DistanceDamage:
          - Damage: 500
            Distance: 1.600000023841858
          - Damage: 350
            Distance: 3.799999952316284
        KnockBackParam:
          Accel: 470
          Bias: 0.800000011920929
          Distance: 8
        PaintRadius: 3
        SplashAroundParam:
          Num: 6
          OffsetY: 0.30000001192092896
          PaintRadius: 0.699999988079071
          PitchMax: 25
          PitchMin: 10
          VelocityMax: 0.4000000059604645
          VelocityMin: 0.3499999940395355
      - CrossPaintRadius: 2
        DistanceDamage:
          - Damage: 500
            Distance: 1.9500000476837158
          - Damage: 350
            Distance: 4.5
        KnockBackParam:
          Accel: 470
          Bias: 0.800000011920929
          Distance: 8
        PaintRadius: 3.4000000953674316
        SplashAroundParam:
          Num: 6
          OffsetY: 0.30000001192092896
          PaintRadius: 0.699999988079071
          PitchMax: 20
          PitchMin: 10
          VelocityMax: 0.41999998688697815
          VelocityMin: 0.36000001430511475
      - CrossPaintRadius: 2
        DistanceDamage:
          - Damage: 500
            Distance: 2.5999999046325684
          - Damage: 350
            Distance: 5.449999809265137
        KnockBackParam:
          Accel: 470
          Bias: 0.800000011920929
          Distance: 8
        PaintRadius: 3.799999952316284
        SplashAroundParam:
          Num: 6
          OffsetY: 0.30000001192092896
          PaintRadius: 0.699999988079071
          PitchMax: 20
          PitchMin: 10
          VelocityMax: 0.4300000071525574
          VelocityMin: 0.38999998569488525
    BurstSeFrameArray:
      - 10
      - 7
      - 7
    BurstWaitFrameArray:
      - 15
      - 1
      - 1
    BurstWarnFrameArray:
      - 15
      - 7
      - 7
    ChargeFrameArray:
      - 40
      - 80
    CollisionSeSilentFrame: 8
    CollisionSeVelDotGndNrm: -1
    FlyRotateAirResist: 0.017999999225139618
    FlySplashDistanceArray:
      - 2.200000047683716
      - 2.200000047683716
      - 2.200000047683716
    FlySplashPaintParamArray:
      - DepthMaxDropHeight: 3
        DepthMinDropHeight: 10
        DepthScaleMax: 1.600000023841858
        DepthScaleMin: 1.600000023841858
        WidthHalf: 1.2000000476837158
        WidthHalfNearest: 1.2000000476837158
      - DepthScaleMax: 1.600000023841858
        DepthScaleMin: 1.600000023841858
        WidthHalf: 1.2599999904632568
        WidthHalfNearest: 1.2599999904632568
      - DepthScaleMax: 1.600000023841858
        DepthScaleMin: 1.600000023841858
        WidthHalf: 1.3200000524520874
        WidthHalfNearest: 1.3200000524520874
    FlySplashPaintRadiusArray:
      - 0.8999999761581421
      - 1
      - 1.100000023841858
    GroundGravity: 0.01600000075995922
    GroundPositionDeg50AirResist: 0.2800000011920929
    GroundPositionHorizonAirResist: 0.1899999976158142
    GroundRotateDeg50AirResist: 0.5
    GroundRotateHorizonAirResist: 0.3499999940395355
    HopPitchH: 58
    HopPitchL: 48
    HopVelH: 0.3199999928474426
    HopVelL: 0.23999999463558197
    ObjColDamage: 100
    SpawnSpeedY: 0.23999999463558197
    SpawnSpeedZSpecUp:
      High: 1.840000033378601
      Low: 1.3600000143051147
      Mid: 1.600000023841858
  SubWeaponSetting:
    $type: spl__PlayerGearSkillParam_SubWeaponSetting
    SubInkSaveLv: 1
  WeaponParam:
    $type: spl__WeaponSubParam
    InkConsume: 0.6000000238418579
    InkRecoverStop: 85
  spl__SpawnBulletAdditionMovePlayerParam:
    $type: spl__SpawnBulletAdditionMovePlayerParam
    XRate: 1.600000023841858
    YMax: 0.3199999928474426
    YPlusRate: 4
    ZRate: 2
